0
0
0
0
0
0
0
0
0
0
0
0
0
0
0
0
0
0
0
0
0
0
0
0
0
0
0
0
0
0
0
0
0
0
0
0
0
0
0
0
0
0
0
0
0
0
0
0
0
0
0
0
0
0
0
0
0
0
0
0
0
0
0
0
0
0
0
0
0
0
0
0
0
0
0
0
0
0
0
0
0
0
0
0
0
0
0
93
93
93
93
93
93
113
113
113
113
113
113
113
115
115
115
115
115
115
115
115
115
115
115
115
115
115
116
116
116
116
116
116
116
116
116
116
116
116
116
116
116
116
116
116
116
116
116
116
115
115
115
115
115
115
115
113
113
113
113
113
113
113
112
112
112
112
112
112
112
111
111
111
111
111
111
111
110
110
110
110
110
110
110
110
110
110
110
110
110
110
109
109
109
109
109
109
109
109
109
109
109
109
109
107
107
107
107
107
107
107
107
107
107
107
107
107
107
106
106
106
106
106
106
106
106
106
106
106
106
106
104
104
104
104
104
104
104
106
106
106
106
106
106
104
104
104
104
104
104
104
104
104
104
104
104
104
106
106
106
106
106
106
106
105
105
105
105
105
105
107
107
107
107
107
107
107
108
108
108
108
108
108
108
106
106
106
106
106
106
105
105
105
105
105
105
105
106
106
106
106
106
106
106
110
110
110
110
110
110
110
116
116
116
116
116
116
116
0
0
0
0
0
0
0
0
0
0
0
0
0
0
0
0
0
0
0
0
0
0
0
0
0
0
0
0
0
0
0
0
0
0
0
0
0
0
0
0
0
0
0
0
0
0
0
0
0
0
0
0
0
0
0
0
0
0
0
0
0
0
0
0
0
0
0
0
0
0
0
0
0
0
0
0
0
0
0
0
0
0
0
0
0
0
0
0
0
0
0
0
0
0
0
0
92
92
92
92
92
92
97
97
97
97
97
97
102
102
102
102
102
102
104
104
104
104
104
104
104
104
104
104
104
104
104
104
104
104
104
104
104
105
105
105
105
105
105
105
104
104
104
104
104
104
104
105
105
105
105
105
105
104
104
104
104
104
104
104
106
106
106
106
106
106
107
107
107
107
107
107
107
107
107
107
107
107
107
107
109
109
109
109
109
109
111
111
111
111
111
111
111
112
112
112
112
112
112
112
113
113
113
113
113
113
113
117
117
117
117
117
117
117
117
120
120
120
120
120
120
120
123
123
123
123
123
123
123
123
128
128
128
128
128
128
128
128
133
133
133
133
133
133
133
133
138
138
138
138
138
138
138
138
138
143
143
143
143
143
143
143
143
143
147
147
147
147
147
147
147
147
147
153
153
153
153
153
153
153
153
153
153
154
154
154
154
154
154
154
154
154
157
157
157
157
157
157
157
157
157
157
160
160
160
160
160
160
160
160
160
160
163
163
163
163
163
163
163
163
163
163
164
164
164
164
164
164
164
164
164
164
165
165
165
165
165
165
165
165
165
165
165
166
166
166
166
166
166
166
166
166
166
167
167
167
167
167
167
167
167
167
167
167
168
168
168
168
168
168
168
168
168
168
167
167
167
167
167
167
167
167
167
167
168
168
168
168
168
168
168
168
168
168
168
171
171
171
171
171
171
171
171
171
171
171
170
170
170
170
170
170
170
170
170
170
171
171
171
171
171
171
171
171
171
171
171
174
174
174
174
174
174
174
174
174
174
174
0
0
0
0
0
0
0
0
0
0
0
0
0
0
0
0
0
0
0
0
0
0
0
0
0
0
0
0
0
0
0
0
0
0
0
0
0
0
0
0
0
0
0
0
0
0
0
0
0
0
0
0
0
0
0
0
0
0
0
0
0
0
0
0
0
0
0
0
0
0
0
0
0
0
0
0
0
0
0
0
0
0
0
0
0
0
0
0
0
0
0
0
0
0
0
0
0
0
0
0
0
0
0
0
0
0
0
0
0
0
0
0
0
0
0
0
0
0
0
0
0
0
0
0
0
0
0
0
0
0
0
0
0
0
0
0
0
0
0
0
0
0
0
0
0
0
0
0
0
0
0
0
0
0
0
0
0
0
0
0
0
0
0
0
0
0
0
0
0
0
0
0
0
0
0
0
0
0
0
0
0
0
0
0
0
0
0
0
0
0
0
0
0
0
0
0
0
0
0
0
0
0
0
0
0
0
0
0
0
0
0
0
0
0
0
0
0
0
0
0
0
0
0
0
0
0
0
0
0
0
0
0
0
0
0
0
0
0
0
0
0
0
0
0
0
0
0
0
0
0
0
0
0
0
0
0
0
0
0
0
0
0
0
0
0
0
0
0
0
0
0
0
0
0
0
0
0
0
0
0
0
119
119
119
119
119
119
119
125
125
125
125
125
125
125
125
126
126
126
126
126
126
126
126
128
128
128
128
128
128
128
128
124
124
124
124
124
124
124
124
129
129
129
129
129
129
129
129
129
129
129
129
129
129
129
129
131
131
131
131
131
131
131
131
129
129
129
129
129
129
129
129
132
132
132
132
132
132
132
132
134
134
134
134
134
134
134
134
134
139
139
139
139
139
139
139
139
142
142
142
142
142
142
142
142
142
145
145
145
145
145
145
145
145
145
0
0
0
0
0
0
0
0
0
0
0
0
0
0
0
0
0
0
0
0
0
0
0
0
0
0
0
0
0
0
0
0
0
0
0
0
0
0
0
0
0
0
0
0
0
0
0
0
0
0
0
0
0
0
0
0
0
0
0
0
0
0
0
0
0
0
0
0
0
0
0
0
0
0
0
0
0
0
0
105
105
105
105
105
105
105
111
111
111
111
111
111
111
112
112
112
112
112
112
112
112
112
112
112
112
112
112
112
112
112
112
112
112
112
113
113
113
113
113
113
113
115
115
115
115
115
115
115
113
113
113
113
113
113
113
114
114
114
114
114
114
114
113
113
113
113
113
113
113
112
112
112
112
112
112
112
113
113
113
113
113
113
113
111
111
111
111
111
111
111
109
109
109
109
109
109
109
108
108
108
108
108
108
108
108
108
108
108
108
108
108
108
108
108
108
108
108
108
108
108
108
108
108
108
107
107
107
107
107
107
107
109
109
109
109
109
109
108
108
108
108
108
108
108
110
110
110
110
110
110
110
109
109
109
109
109
109
109
110
110
110
110
110
110
110
111
111
111
111
111
111
111
110
110
110
110
110
110
110
112
112
112
112
112
112
112
113
113
113
113
113
113
113
113
113
113
113
113
113
113
114
114
114
114
114
114
114
118
118
118
118
118
118
118
113
113
113
113
113
113
113
114
114
114
114
114
114
114
118
118
118
118
118
118
118
118
114
114
114
114
114
114
114
115
115
115
115
115
115
115
114
114
114
114
114
114
114
115
115
115
115
115
115
115
115
115
115
115
115
115
115
115
117
117
117
117
117
117
117
119
119
119
119
119
119
119
125
125
125
125
125
125
125
125
121
121
121
121
121
121
121
121
0
0
0
0
0
0
0
0
0
0
0
0
0
0
0
0
0
0
0
0
0
0
0
0
0
0
0
0
0
0
0
0
0
0
0
0
0
0
0
0
0
0
0
0
0
0
0
0
0
0
0
0
0
0
0
0
0
0
0
0
0
0
0
0
0
0
0
0
0
0
0
0
0
0
0
0
0
0
0
0
0
106
106
106
106
106
106
112
112
112
112
112
112
112
117
117
117
117
117
117
117
121
121
121
121
121
121
121
121
126
126
126
126
126
126
126
126
131
131
131
131
131
131
131
131
129
129
129
129
129
129
129
129
134
134
134
134
134
134
134
134
134
140
140
140
140
140
140
140
140
143
143
143
143
143
143
143
143
143
143
143
143
143
143
143
143
143
143
146
146
146
146
146
146
146
146
146
151
151
151
151
151
151
151
151
151
151
155
155
155
155
155
155
155
155
155
156
156
156
156
156
156
156
156
156
156
159
159
159
159
159
159
159
159
159
159
160
160
160
160
160
160
160
160
160
160
163
163
163
163
163
163
163
163
163
163
168
168
168
168
168
168
168
168
168
168
168
0
0
0
0
0
0
0
0
0
0
0
0
0
0
0
0
0
0
0
0
0
0
0
0
0
0
0
0
0
0
0
0
0
0
0
0
0
0
0
0
0
0
0
0
0
0
0
0
0
0
0
0
0
0
0
0
0
0
0
0
0
0
0
0
0
0
0
0
0
0
0
0
0
0
0
0
0
0
0
0
0
0
0
0
0
0
0
0
0
0
0
0
0
0
0
0
0
0
0
0
0
0
0
0
0
0
0
0
0
0
0
0
96
96
96
96
96
96
103
103
103
103
103
103
104
104
104
104
104
104
104
105
105
105
105
105
105
108
108
108
108
108
108
108
109
109
109
109
109
109
109
112
112
112
112
112
112
112
114
114
114
114
114
114
114
116
116
116
116
116
116
116
119
119
119
119
119
119
119
119
122
122
122
122
122
122
122
126
126
126
126
126
126
126
126
130
130
130
130
130
130
130
130
135
135
135
135
135
135
135
135
135
140
140
140
140
140
140
140
140
156
156
156
156
156
156
156
156
156
156
0
0
0
0
0
0
0
0
0
0
0
0
0
0
0
0
0
0
0
0
0
0
0
0
0
0
0
0
0
0
0
0
0
0
0
0
0
0
0
0
0
0
0
0
0
0
0
0
0
0
0
0
0
0
0
0
0
0
0
0
0
0
0
0
0
0
0
0
0
0
0
0
0
0
0
0
0
0
0
0
0
0
0
0
0
0
0
0
0
0
0
0
0
0
0
0
0
0
0
0
0
0
0
0
0
123
123
123
123
123
123
123
123
144
144
144
144
144
144
144
144
144
151
151
151
151
151
151
151
151
151
153
153
153
153
153
153
153
153
153
153
155
155
155
155
155
155
155
155
155
155
156
156
156
156
156
156
156
156
156
159
159
159
159
159
159
159
159
159
159
160
160
160
160
160
160
160
160
160
160
162
162
162
162
162
162
162
162
162
162
165
165
165
165
165
165
165
165
165
165
165
171
171
171
171
171
171
171
171
171
171
0
0
0
0
0
0
0
0
0
0
0
0
0
0
0
0
0
0
0
0
0
0
0
0
0
0
0
0
0
0
0
0
0
0
0
0
0
0
0
0
0
0
0
0
0
0
0
0
0
0
0
0
0
0
0
0
0
0
0
0
0
0
0
0
0
0
0
0
0
0
0
0
0
0
0
0
0
0
0
0
0
0
0
0
0
0
0
0
0
0
0
0
0
0
0
0
0
0
0
0
0
0
0
0
0
0
0
0
0
0
0
0
0
0
0
0
0
0
0
0
0
0
0
0
0
0
0
0
0
0
0
0
0
0
0
0
0
0
0
0
0
0
0
0
0
0
0
0
0
0
0
0
0
0
0
0
0
0
0
0
0
0
0
0
0
0
0
0
0
0
0
0
0
0
0
0
0
0
0
0
0
0
0
0
0
0
0
0
0
0
0
0
0
0
0
0
0
0
0
0
0
0
0
0
0
0
0
0
0
0
119
119
119
119
119
119
119
126
126
126
126
126
126
126
126
131
131
131
131
131
131
131
131
131
131
131
131
131
131
131
131
131
136
136
136
136
136
136
136
136
135
135
135
135
135
135
135
135
135
135
135
135
135
135
135
135
135
138
138
138
138
138
138
138
138
138
138
138
138
138
138
138
138
138
141
141
141
141
141
141
141
141
141
142
142
142
142
142
142
142
142
142
143
143
143
143
143
143
143
143
143
147
147
147
147
147
147
147
147
147
147
147
147
147
147
147
147
147
147
148
148
148
148
148
148
148
148
148
148
148
148
148
148
148
148
148
148
148
149
149
149
149
149
149
149
149
149
150
150
150
150
150
150
150
150
150
154
154
154
154
154
154
154
154
154
154
156
156
156
156
156
156
156
156
156
156
160
160
160
160
160
160
160
160
160
160
161
161
161
161
161
161
161
161
161
161
157
157
157
157
157
157
157
157
157
157
159
159
159
159
159
159
159
159
159
159
159
159
159
159
159
159
159
159
159
159
160
160
160
160
160
160
160
160
160
160
161
161
161
161
161
161
161
161
161
161
162
162
162
162
162
162
162
162
162
162
164
164
164
164
164
164
164
164
164
164
0
0
0
0
0
0
0
0
0
0
0
0
0
0
0
0
0
0
0
0
0
0
0
0
0
0
0
0
0
0
0
0
0
0
0
0
0
0
0
0
0
0
0
0
0
0
0
0
0
0
0
0
0
0
0
0
0
0
0
0
0
0
0
0
0
0
0
0
0
0
0
0
0
0
0
0
0
0
0
0
0
0
0
0
0
0
0
0
0
0
0
0
0
0
0
0
0
0
0
0
0
0
0
0
0
0
0
0
0
0
0
0
0
0
0
0
0
0
0
0
0
0
0
0
0
0
0
0
0
0
0
0
0
0
0
0
0
0
0
0
0
0
0
0
0
0
0
0
0
0
0
0
0
0
0
0
0
0
0
0
0
0
0
0
0
0
0
0
0
0
0
0
0
0
0
0
0
0
0
0
0
0
0
0
0
0
0
0
0
0
0
0
0
0
0
0
0
0
0
0
0
0
0
0
0
0
0
0
0
0
0
0
0
0
0
0
0
0
0
0
0
0
0
0
0
0
0
0
0
0
0
0
0
0
0
0
0
0
0
0
0
0
0
0
0
0
0
0
0
0
0
0
0
0
0
0
0
0
0
0
0
0
0
0
0
0
0
0
0
0
0
0
0
0
0
0
0
0
0
0
0
0
0
0
0
0
0
0
0
0
0
0
0
0
